1,18387,72939,150,0,0
2,18328,72965,150,0,0
1,17851,72427,150,0,0
2,18033,72470,150,0,0
1,19196,70158,150,0,0
2,19282,69767,150,0,0
3,19381,69286,150,0,0
4,18993,69266,150,0,0
5,18800,68737,150,0,0
6,18724,68742,150,0,0
7,18695,69163,150,0,0
8,18809,69433,150,0,0
9,18933,69708,150,0,0
10,19104,69770,150,0,0
11,18909,70151,150,0,0
12,18884,70213,150,0,0
13,18979,70284,150,0,0
14,18824,70220,150,0,0
15,18594,69827,150,0,0
16,18541,69472,150,0,0
17,18284,68767,150,0,0
18,18235,68960,150,0,0
19,18103,68982,150,0,0
20,18380,69396,150,0,0
21,18437,69453,150,0,0
22,18299,69718,150,0,0
23,18215,69733,150,0,0
24,18125,69853,150,0,0
25,18139,70017,150,0,0
26,18519,70450,150,0,0
27,17586,69682,150,0,0
28,17520,69702,150,0,0
29,17869,70222,150,0,0
30,17921,70387,150,0,0
31,17740,70570,150,0,0
32,17379,70463,150,0,0
33,17286,70865,150,0,0
34,17600,71107,150,0,0
35,17609,70761,150,0,0
36,17780,70916,150,0,0
37,17610,71276,150,0,0
38,17629,71493,150,0,0
39,16853,71496,150,0,0
40,16636,72179,150,0,0
41,17228,72014,150,0,0
42,17557,72175,150,0,0
43,17644,72344,150,0,0
44,17571,73121,150,0,0
45,17686,73116,150,0,0
46,17691,73409,150,0,0
47,17487,73610,150,0,0
48,17801,74428,150,0,0
49,18065,73749,150,0,0
50,18233,73879,150,0,0
51,18177,74263,150,0,0
52,16858,73768,150,0,0
53,18564,75435,150,0,0
54,18662,75557,150,0,0
55,18410,75148,150,0,0
56,18356,74712,150,0,0
57,18600,74591,150,0,0
58,18716,75547,150,0,0
59,18724,74506,150,0,0
60,18615,74445,150,0,0
61,18761,74220,150,0,0
62,18953,74440,150,0,0
63,18859,74055,150,0,0
64,18878,73831,150,0,0
65,18755,73263,150,0,0
66,18734,72897,150,0,0
67,18303,72806,150,0,0
68,18196,72938,150,0,0
69,18534,73207,150,0,0
70,18657,73198,150,0,0
71,18487,74098,150,0,0
72,18257,74465,150,0,0
73,18410,73478,150,0,0
74,18871,71968,150,0,0
75,18891,71781,150,0,0
76,18570,72042,150,0,0
77,18974,72309,150,0,0
78,19054,71315,150,0,0
79,19033,71414,150,0,0
80,18926,71195,150,0,0
81,19001,71022,150,0,0
82,18887,70892,150,0,0
83,18864,71107,150,0,0
84,18802,71226,150,0,0
85,18859,71359,150,0,0
86,19117,70773,150,0,0
87,18224,71107,150,0,0
88,18278,71280,150,0,0
89,18285,71331,150,0,0
90,18383,71393,150,0,0
3,18069,73129,150,0,0
4,17990,72900,150,0,0
5,18094,72662,150,0,0
6,18854,72755,150,0,0
7,18376,71976,150,0,0
8,18745,71697,150,0,0
9,18807,71325,150,0,0
10,18926,71366,150,0,0
11,18946,71557,150,0,0
12,18895,71611,150,0,0
13,19281,72529,150,0,0
14,18902,73258,150,0,0
15,18666,74017,150,0,0
16,18759,74236,150,0,0
17,18960,74621,150,0,0
18,18611,74862,150,0,0
19,18679,75187,150,0,0
20,18320,74974,150,0,0
21,18260,74330,150,0,0
22,18155,74150,150,0,0
23,18947,75377,150,0,0
24,18869,75492,150,0,0
25,18771,75960,150,0,0
26,19020,75847,150,0,0
27,17254,72042,150,0,0
28,17424,72036,150,0,0
29,17686,72331,150,0,0
30,17614,71318,150,0,0
31,17607,71502,150,0,0
32,17865,71536,150,0,0
33,17974,71513,150,0,0
34,17824,70718,150,0,0
35,17937,70601,150,0,0
36,17966,70651,150,0,0
37,18083,70868,150,0,0
38,17937,71951,150,0,0
39,18402,71859,150,0,0
40,18547,71047,150,0,0
41,18603,70734,150,0,0
42,18394,69696,150,0,0
43,18463,69380,150,0,0
44,18593,70473,150,0,0
45,19022,70506,150,0,0
46,19154,69820,150,0,0
47,18862,69905,150,0,0
48,19096,69521,150,0,0
49,19438,69562,150,0,0
50,18176,69008,150,0,0
51,18572,76504,150,0,0
52,18189,74125,150,0,0
53,17854,72602,150,0,0
54,18053,71754,150,0,0
55,18230,71639,150,0,0
56,18145,70866,150,0,0
57,18853,68865,150,0,0
58,18683,68992,150,0,0
59,18166,69877,150,0,0
60,18613,70039,150,0,0
61,18474,69813,150,0,0
62,18366,68589,150,0,0
63,17930,70269,150,0,0
64,17762,70544,150,0,0
65,17324,70696,150,0,0
66,17218,71511,150,0,0
67,17160,71702,150,0,0
68,16931,72081,150,0,0
69,16807,73401,150,0,0
70,16392,73097,150,0,0
71,17937,72947,150,0,0
72,17678,72548,150,0,0
73,18079,74270,150,0,0
74,18214,74813,150,0,0
75,18410,76043,150,0,0
76,18116,76624,150,0,0
77,18217,76680,150,0,0
78,18031,77223,150,0,0
79,18300,76759,150,0,0
80,18350,76443,150,0,0
81,18574,76233,150,0,0
82,18865,75973,150,0,0
83,18685,75663,150,0,0
3,17735,72279,150,0,0
4,17453,72024,150,0,0
5,17596,71218,150,0,0
6,17287,70865,150,0,0
7,17371,70472,150,0,0
8,17935,70560,150,0,0
9,18623,70025,150,0,0
10,18556,70009,150,0,0
11,18937,67652,150,0,0
12,19201,67240,150,0,0
13,19112,67983,150,0,0
14,19346,68229,150,0,0
15,19439,68271,150,0,0
16,19803,68151,150,0,0
17,19752,68562,150,0,0
18,19858,68939,150,0,0
19,19181,68640,150,0,0
20,19223,68861,150,0,0
21,19183,69694,150,0,0
22,18887,70119,150,0,0
23,18979,70292,150,0,0
24,18919,70836,150,0,0
25,18872,71080,150,0,0
26,18665,70968,150,0,0
27,18101,70902,150,0,0
28,18285,70983,150,0,0
29,17896,71156,150,0,0
30,17887,71564,150,0,0
31,18180,71590,150,0,0
32,18237,71760,150,0,0
33,18354,71890,150,0,0
34,18454,72210,150,0,0
35,18566,71847,150,0,0
36,18526,71633,150,0,0
37,18476,71523,150,0,0
38,17796,72551,150,0,0
39,18316,72806,150,0,0
40,18411,72907,150,0,0
43,19025,72899,150,0,0
44,18868,72043,150,0,0
45,18939,71727,150,0,0
48,18193,72718,150,0,0
51,17722,73317,150,0,0
60,18410,74696,150,0,0
61,18733,74618,150,0,0
62,18757,74707,150,0,0
65,18256,73287,150,0,0
66,18258,72904,150,0,0
67,18347,74084,150,0,0
71,19183,75618,150,0,0
72,19431,75452,150,0,0
73,19434,75819,150,0,0
41,18500,72932,150,0,0
42,18879,73296,150,0,0
46,18686,72468,150,0,0
47,18324,72351,150,0,0
49,17924,72180,150,0,0
50,17603,73128,150,0,0
52,17702,73414,150,0,0
53,17495,73610,150,0,0
54,17760,73598,150,0,0
55,18112,73795,150,0,0
56,18049,74395,150,0,0
57,18250,74412,150,0,0
58,18332,74253,150,0,0
59,18406,74454,150,0,0
63,18570,73829,150,0,0
64,18610,73529,150,0,0
68,18455,74054,150,0,0
69,18862,75462,150,0,0
70,18839,76157,150,0,0
,18839,76157,150,0,0
